%YAML:1.0
---
CM1: !!opencv-matrix
   rows: 3
   cols: 3
   dt: d
   data: [ 6.4038062469139970e+02, 0., 6.3765550951115233e+02, 0.,
       6.3980775544205835e+02, 3.6550927556952922e+02, 0., 0., 1. ]
CM2: !!opencv-matrix
   rows: 3
   cols: 3
   dt: d
   data: [ 6.4038062469139970e+02, 0., 6.3736951823503898e+02, 0.,
       6.3980775544205835e+02, 3.6594647005677712e+02, 0., 0., 1. ]
D1: !!opencv-matrix
   rows: 1
   cols: 5
   dt: d
   data: [ -2.8872561815201105e-03, 6.1873052310777391e-03, 0., 0.,
       -2.4125280344511821e-03 ]
D2: !!opencv-matrix
   rows: 1
   cols: 5
   dt: d
   data: [ -4.2121581174932648e-03, 8.6026088828749219e-03, 0., 0.,
       -6.1765714998478181e-03 ]
R: !!opencv-matrix
   rows: 3
   cols: 3
   dt: d
   data: [ 9.9999989978416082e-01, -2.1769773227918235e-06,
       4.4769066233096892e-04, 2.4819748872611794e-06,
       9.9999976793309009e-01, -6.8126911404095243e-04,
       -4.4768907532936804e-04, 6.8127015692397781e-04,
       9.9999966772267734e-01 ]
T: !!opencv-matrix
   rows: 3
   cols: 1
   dt: d
   data: [ 9.9938138790943654e-02, -2.9383627798451185e-06,
       5.5111233033937004e-05 ]
E: !!opencv-matrix
   rows: 3
   cols: 3
   dt: d
   data: [ 1.1786882194948622e-09, -5.5113222063315577e-05,
       -2.9008162225910664e-06, 9.9852440456374151e-05,
       -6.8084991472700998e-05, -9.9938080910982052e-02,
       3.1864064361333710e-06, 9.9938115592211857e-02,
       -6.8083451795428846e-05 ]
F: !!opencv-matrix
   rows: 3
   cols: 3
   dt: d
   data: [ 9.0183512064645327e-10, -4.2205853432571500e-05,
       1.4004753089856704e-02, 7.6467267000734088e-05,
       -5.2186353943749755e-05, -4.9039839912472473e+01,
       -2.6422268836582358e-02, 4.9056169879132156e+01, 1. ]
R1: !!opencv-matrix
   rows: 3
   cols: 3
   dt: d
   data: [ 9.9999950034888574e-01, -3.1203093069502672e-05,
       9.9916382330467960e-04, 3.1543438351546474e-05,
       9.9999994149281901e-01, -3.4061616218852316e-04,
       -9.9915313656861104e-04, 3.4064750906174189e-04,
       9.9999944282598696e-01 ]
R2: !!opencv-matrix
   rows: 3
   cols: 3
   dt: d
   data: [ 9.9999984751733884e-01, -2.9401811634360010e-05,
       5.5145338204100553e-04, 2.9213967320244700e-05,
       9.9999994155548377e-01, 3.4063994623067997e-04,
       -5.5146336524311351e-04, -3.4062378414791280e-04,
       9.9999978993177518e-01 ]
P1: !!opencv-matrix
   rows: 3
   cols: 4
   dt: d
   data: [ 6.3980775544205835e+02, 0., 6.3648884582519531e+02, 0., 0.,
       6.3980775544205835e+02, 3.6576732635498047e+02, 0., 0., 0., 1.,
       0. ]
P2: !!opencv-matrix
   rows: 3
   cols: 4
   dt: d
   data: [ 6.3980775544205835e+02, 0., 6.3648884582519531e+02,
       6.3941206012815812e+01, 0., 6.3980775544205835e+02,
       3.6576732635498047e+02, 0., 0., 0., 1., 0. ]
Q: !!opencv-matrix
   rows: 4
   cols: 4
   dt: d
   data: [ 1., 0., 0., -6.3648884582519531e+02, 0., 1., 0.,
       -3.6576732635498047e+02, 0., 0., 0., 6.3980775544205835e+02, 0.,
       0., -1.0006188424313125e+01, 0. ]
